Iluminance
42.2356049
43.4984141
44.7212168
47.7977972
48.9607781
50.0559896
51.0750187
52.0104369
46.148527
46.8872421
47.5374775
48.0983024
48.5706118
55.6434567
55.9188661
56.1105035
56.2257258
56.2728923
56.2611857
56.2001825
56.0996919
55.9693978
55.8186082
55.6561299
55.4900716
55.3276291
55.1751032
55.0377386
54.9197418
54.8241737
54.7530033
54.7070182
54.6859141
54.6882232
54.7113142
54.7514818
54.8039467
54.8628377
26.7289602
25.8764369
15.3150277
15.5124681
15.7407845
16.0138637
16.3454136
16.7400979
17.181624
17.6233755
17.9894821
18.1915267
18.1573593
17.8589847
17.3241221
16.6246513
15.8487078
15.0718769
14.3404794
13.6705009
13.0569609
12.4858139
0
43.5940538
38.531719
39.5855815
40.5820566
43.5196793
51.7669969
52.8376138
53.8199121
47.6482427
48.4218449
49.1018659
49.6872675
50.1789984
57.6158398
57.8984271
58.0922841
58.2053226
58.2465463
58.2257465
58.1532157
58.0393896
57.8945965
57.728753
57.5512029
57.3704845
57.1942411
57.0290957
56.8806152
56.7531493
56.6499737
56.5731469
56.5234923
56.5007056
56.5032653
56.5284148
56.5723056
56.629872
56.6950101
27.6827259
26.7914849
16.0315692
16.2995845
16.6462981
17.1126928
17.7414421
18.555805
19.5300295
20.5644698
21.4856203
22.0852173
22.1907823
21.735052
20.7850054
19.5128534
18.1265748
16.7993907
15.6306417
14.6457773
13.8212164
13.1139383
0
44.9240954
39.6934648
40.7942611
41.8350029
44.8702343
45.814871
54.5710498
55.6004967
49.0978384
49.9068826
50.6174947
51.2285291
51.7409882
59.5648097
59.8560427
60.0537303
60.1663034
60.2033385
60.1753071
60.0930745
59.9677387
59.8102366
59.6310039
59.4398856
59.2458854
59.0570046
58.8801884
58.7212185
58.5846952
58.4740195
58.3912857
58.3374604
58.3121677
58.3138324
58.33968
58.3856472
58.4464714
58.5157981
28.6581506
27.7276012
16.7840348
17.1697335
17.7283944
18.5580701
19.7645956
21.4152473
23.4708843
25.7258311
27.7943
29.2303483
29.6369853
28.8621486
27.0576363
24.6113623
21.9862926
19.566307
17.5427737
15.9616533
14.7553401
13.8176642
0
48.1201583
40.8107649
41.9565439
43.0396908
46.1722445
47.1547576
48.0438864
57.339249
50.4828151
51.3276772
52.0696143
52.7074092
53.2420464
61.4774963
61.7792187
61.9827775
62.0971048
62.1323141
62.0994318
62.0099676
61.8755744
61.7076903
61.5173059
61.3147137
61.1092754
60.9093503
60.7221342
60.5536415
60.4086336
60.2906189
60.201817
60.1431945
60.1144113
60.1138564
60.1386658
60.1846509
60.2464417
60.3173973
29.6546794
28.6842667
17.5870771
18.1646365
19.0858245
20.5578086
22.8108881
26.004699
30.0777181
34.6444276
38.930187
41.9752864
42.9676027
41.5875995
38.1545322
33.4802599
28.5242103
24.0530953
20.4672076
17.8256072
15.9577191
14.6383107
0
49.4154739
43.8828524
45.1277258
46.3089826
47.4145582
48.4329608
49.3537726
50.1679899
60.0374771
52.6695328
53.4435109
54.1092477
62.9165668
63.341119
63.6555146
63.8674506
63.9862529
64.0225362
63.987846
63.8942111
63.7538035
63.5785267
63.3798188
63.1683661
62.9538346
62.7448521
62.5488829
62.3720846
62.2193439
62.0943124
61.9992634
61.9351814
61.9017621
61.8973766
61.9191072
61.9627116
62.0226408
62.0921107
30.6716858
29.6608907
18.4551798
19.327713
20.825117
23.3428369
27.3317004
33.1175864
40.6483697
49.1919639
57.3056612
63.1551715
65.1754228
62.7473644
56.4889852
47.9662971
39.0128871
31.0712596
24.8671622
20.4643055
17.5344962
15.6188701
0
50.656463
52.2789011
46.2234385
47.4442185
48.5865428
49.6383468
50.5886757
51.4280246
61.6965028
62.6332098
54.7248645
64.1347871
64.699192
65.143291
65.4729553
65.6961862
65.8226855
65.8634975
65.8306331
65.7365149
65.5937445
65.4146729
65.2110604
64.9938618
64.7730474
64.5574598
64.3546886
64.1710704
64.0115993
63.8799448
63.7784697
63.7081943
63.6688501
63.6587903
63.6750793
63.7134569
63.7682667
63.832653
31.7084359
30.6567751
19.3937852
20.6829601
23.0142434
27.0734458
33.6539232
43.3808634
56.1912859
70.871362
84.9286993
95.1523233
98.7815327
94.722621
84.0690338
69.5812525
54.4700745
41.2274375
31.0670422
24.0460327
19.5499168
16.7828955
0
51.8352317
53.5131598
55.146499
48.5027708
49.6785681
50.76082
51.7380526
52.6003493
63.2764463
64.2509223
65.0980756
65.8162594
66.4065298
66.8725384
67.2203712
67.4582264
67.5961459
67.6454783
67.6185746
67.5282333
67.3873782
67.2086288
67.0040139
66.784721
66.5608994
66.341517
66.1342708
65.945569
65.7804773
65.6427189
65.5346745
65.457436
65.4106991
65.3929065
65.4011047
65.4310156
65.4770186
65.5321685
32.7639989
31.6710249
20.3873955
22.2053702
25.6147557
31.6961021
41.7253723
56.7309811
76.6849878
99.7243534
121.922237
138.159779
144.007584
137.707493
121.018184
98.3666879
74.8737211
54.4651721
39.00381
28.5123638
21.9721189
18.1049113
0
52.944799
54.6744581
56.3592061
57.9849378
50.6823285
51.7916452
52.792828
63.6287362
64.7669614
65.779099
66.6607098
67.4100396
68.0281266
68.5186582
68.8878278
69.1440305
69.2974693
69.3597792
69.3434902
69.2616872
69.1274909
68.9536998
68.7525038
68.5351978
68.3120206
68.0919938
67.8828681
67.6910696
67.5216461
67.3783745
67.2636355
67.1785389
67.122852
67.0950354
67.0922072
67.1101251
67.1432401
67.184607
33.8373008
32.7025303
21.3901706
23.7960189
28.4215887
36.8061485
50.8145075
71.9541427
100.266756
133.143478
164.962876
188.327055
196.794511
185.205244
160.733137
131.715553
98.3610734
69.5707343
47.951699
33.4630277
24.5919069
19.4855493
0
49.8477768
51.4293671
57.4888214
59.1614869
60.7603686
62.2716298
63.6824899
64.9815645
66.159474
30.58931
0
32.2876799
69.5553367
70.0731479
70.4670732
70.7455793
70.9189945
70.9990791
70.9984884
70.9303789
70.8079966
70.6441937
70.451178
70.2402981
70.0217391
69.8045405
69.5963456
69.4035805
69.2312751
69.0831347
68.9615758
68.8677261
68.8014066
68.7611137
68.7440908
68.746203
68.7619908
68.7846343
34.9269633
33.7499667
22.3269878
25.2820681
31.0581466
41.6472984
59.4796102
86.5602084
123.010835
165.508168
206.765466
237.130001
0
233.060745
202.34237
161.475032
121.006673
84.0526369
56.4685333
38.1315716
27.0326138
20.7494284
0
50.7976224
52.421761
53.9893714
60.2460121
61.8873526
63.4404461
64.8922256
66.2311277
30.8278275
19.551521
30.2374571
28.6347436
34.3618066
71.529474
71.9516992
72.2566794
72.4547608
72.5576679
72.5780739
72.5291353
72.4240086
72.2754923
72.0957584
71.8959765
71.6862601
71.4754876
71.2712486
71.0797902
70.9060886
70.7537954
70.6253092
70.5217577
70.4429977
70.3876867
70.3531397
70.3354008
70.3292074
70.3279365
36.0313217
34.8116515
23.1101147
26.455899
33.0616973
45.2542062
65.8857849
97.3361385
139.796563
189.419081
237.675563
29.3015006
30.0050889
19.5515197
233.060745
185.193406
137.68868
94.6991389
62.7199256
41.557934
28.8306311
21.6929247
0
51.6694598
53.3317254
54.9377313
56.4718866
62.9152601
64.5068207
65.9967809
67.373452
0
31.9255535
800.919122
164.585825
35.6104211
72.8833584
73.3374993
73.6731959
73.900687
74.0315897
74.0784519
74.0542511
73.9719648
73.8442125
73.6829335
73.4990647
73.3025406
73.1019532
72.904731
72.7169421
72.5434016
72.3876895
72.2521328
72.1378771
72.0448866
71.9718904
71.9163825
71.8746576
71.8416679
71.8111126
37.1483354
35.8855441
23.6680189
27.1455494
34.0445252
46.8162706
68.468943
101.523238
146.197611
198.451331
13.7461345
163.384942
798.962277
29.9015983
1.52582614
196.788372
143.981334
98.7506147
65.1407162
42.9311365
29.5988827
22.1420528
0
52.4623582
54.1582937
55.7984349
62.1281076
63.8428381
65.4694648
66.9947954
68.4071054
33.076873
31.6025601
211.674559
45.3925707
36.8964645
74.1329395
74.6225045
74.9931061
75.2547146
75.4187323
75.4974565
75.5035604
75.4496814
75.3481347
75.2104837
75.0473789
74.8683431
74.6816998
74.4945911
74.3127987
74.1409766
73.9825616
73.839827
73.7138826
73.6048
73.5114336
73.4315101
73.3615927
73.2969916
73.2317461
38.2754984
36.9691027
23.9731242
27.2841395
33.8548877
46.0147121
66.6116257
98.0258975
140.453183
190.044062
238.277069
43.235059
162.959136
28.5228866
235.748776
188.296684
138.123913
95.1135843
63.1132994
41.9313264
29.1850149
22.0292391
0
53.1770336
54.9022714
61.1067694
62.9255347
64.6711606
66.3294882
67.8873968
69.3331977
70.6570996
35.2319256
36.2198803
37.21589
71.127261
71.6717074
72.0865041
72.3796882
72.5610152
72.6416189
72.6334744
72.5490043
72.4005954
72.2002228
71.9592172
71.6880143
71.3959758
71.0913178
70.7810929
70.4712081
70.1664069
69.8703767
69.5857488
69.3141521
69.0561773
68.8114485
68.57848
68.3547479
68.1365111
67.9189187
39.4097319
38.0593022
24.0534608
26.9388582
32.6447229
43.1677493
60.9304126
87.942582
124.318764
166.752299
207.947848
238.260525
7.69915096
236.208556
206.724286
164.916611
121.878697
84.8810265
57.2549276
38.8779805
27.7410495
21.4219751
0
57.9380577
59.8833044
61.7856806
63.630562
65.4033959
67.0902024
68.6779861
70.1551836
71.5121289
72.7413935
73.838037
74.7998219
72.0202383
72.599536
73.0499358
73.3790989
73.5963691
73.7124148
73.7387278
73.6871579
73.5695012
73.3971779
73.1809817
72.930686
72.6551871
72.3621999
72.0583116
71.749107
71.4390253
71.131557
70.8292976
70.533876
70.246044
69.9656405
69.6915736
69.421749
69.1529984
68.8810258
40.5473485
39.1524552
23.9808907
26.2818968
30.8019126
39.0859475
52.9902207
74.0278488
102.22649
135.021376
166.734254
190.009697
198.406845
189.367462
165.449742
133.093957
99.6700729
70.8132826
49.1314365
34.5828313
25.6547998
20.4917164
0
58.4915973
60.4571426
62.3807661
64.2480583
66.044735
67.7570132
69.3721481
70.8787911
72.2674015
73.530694
74.6637461
75.6642487
72.8120269
73.4279122
73.9162421
74.2842124
74.5407194
74.6958587
74.7604598
74.7457639
74.662869
74.5225151
74.3347441
74.1087745
73.8527508
73.5738688
73.2781966
72.9708715
72.6560284
72.336943
72.0160676
71.6950848
71.3748896
71.0556252
70.7365756
70.4161835
70.0918534
69.760059
49.1567294
47.8359421
23.8432873
25.5209026
28.7890926
34.7298327
44.6251823
59.4946439
79.3158133
102.226992
124.301402
140.419749
146.154268
139.746105
122.953848
100.205059
76.6189499
56.1222819
40.5769425
30.0056996
23.3896384
19.4474955
0
58.9744677
60.9566958
62.8980761
64.7845034
66.601962
68.3370448
69.9772576
71.5115024
72.9305249
74.2270935
75.3963752
76.436043
73.5094646
74.16328
74.6913121
75.1003808
75.398738
75.5958707
75.7019282
75.7273462
75.6825067
75.5773084
75.4210235
62.6211452
62.7091953
62.7774122
62.8291432
62.8669659
62.8927598
62.90776
62.9126825
62.90776
62.8927598
62.8669659
62.8291432
62.7774122
62.7091953
62.6211452
43.0307945
41.9669796
23.7156557
24.8284844
26.9825868
30.8655174
37.2775468
46.8245885
59.4698063
73.9897167
87.8932456
97.970336
101.45848
97.2649969
86.4832424
71.8727651
56.6460519
43.2933891
33.0284328
25.9137644
21.3230097
18.4627808
0
59.3928444
61.3886407
63.3448064
65.2475585
67.0832393
68.8387818
70.5020498
72.0623033
73.510467
74.8395241
76.044749
77.1237252
74.1207854
74.8132648
75.3822163
75.833887
76.1759739
76.4172122
76.5669994
76.6349478
76.6305623
76.5629003
76.4403569
63.0476306
63.1860334
63.2986423
63.3879812
63.455858
63.5035436
63.5318614
63.5412589
63.5318614
63.5035436
63.455858
63.3879812
63.2986423
63.1860334
63.0476306
44.2806083
43.1996989
23.6434348
24.3029798
25.5868138
27.8923968
31.672305
37.2597197
44.5814286
52.9334829
60.8628902
66.5357418
68.3867109
65.7976348
59.3863149
50.7177757
41.6257398
33.5523664
27.2297407
22.7076058
19.6605758
17.637192
0
59.7534936
61.7604058
63.7289762
65.645744
67.4975169
69.2716217
70.9562623
72.5410567
74.017216
75.3779382
76.6185514
77.736657
74.6549572
75.3863333
75.9966875
76.491712
76.8784773
77.1650026
77.3598441
77.471737
77.5092733
77.4805796
77.3931381
63.3845623
63.5762355
63.7358856
63.8650878
63.9648266
64.0357643
64.0782231
64.0923462
64.0782231
64.0357643
63.9648266
63.8650878
63.7358856
63.5762355
63.3845623
45.5289185
44.4326688
23.6416247
23.9686111
24.6393313
25.8630669
27.8720374
30.8274766
34.6765338
39.0195921
43.0809836
45.9204901
46.716363
45.1490754
41.537668
36.6937903
31.5764634
26.9588598
23.2269474
20.441265
18.4414407
16.9964635
0
60.0636469
62.0797955
64.0589269
65.9880099
67.8542281
69.6453379
71.3499549
72.9580551
74.4611181
75.8525925
77.1278601
78.284576
75.1213238
75.8911133
76.5425838
77.0808726
77.51237
77.8443255
55.2916143
54.6735094
54.0073072
53.3084375
52.5918289
37.3330455
37.0305355
36.7589925
36.5260777
36.3381993
36.2004051
36.1162572
36.0879752
36.1162572
36.2004051
36.3381993
36.5260777
36.7589925
37.0305355
37.3330455
21.0821009
20.6371785
23.7045808
23.8003977
24.0709413
24.6160354
25.543348
26.9217726
28.7134907
30.71384
32.5462055
33.7477886
33.9304808
32.9421354
30.934365
28.2947001
25.4857375
22.8839622
20.6942914
18.9550953
17.5983046
16.517312
0
60.3304822
62.3545963
64.3430536
66.2832346
68.1627346
69.9697038
71.6932053
73.3235015
74.85243
76.2736005
77.5825559
78.7768976
75.5289247
76.3360357
77.0275485
77.6080634
78.0833263
78.4598349
55.1773049
54.5578754
53.8890956
53.1860373
52.4633069
36.5044545
36.2237288
35.9713925
35.7547488
35.5798658
35.4515049
35.3731208
35.3467541
35.3731208
35.4515049
35.5798658
35.7547488
35.9713925
36.2237288
36.5044545
21.3608397
20.946043
23.8186341
23.7541346
23.7736867
23.9188198
24.2334214
24.7421263
25.4204395
26.1697045
26.8170852
27.1546461
27.0100305
26.315806
25.1386796
23.6504332
22.0585792
20.5357961
19.1808825
18.0187528
17.0253097
16.157051
0
60.5608731
62.5922367
64.5893397
66.5399027
68.4319327
70.2539558
71.9954468
73.6469903
75.2007282
76.6504492
77.9918215
79.2224465
75.886155
76.7287617
77.4584194
78.0792272
78.5962687
79.0153614
55.0293077
54.4073006
25.6049648
25.682998
25.8013447
25.9748614
26.220241
26.5460034
26.9397137
27.3582107
27.7284348
27.9641117
27.9945059
27.7922867
27.3852103
26.8444397
26.2567317
25.695722
25.2051949
24.7982986
24.4673428
24.1965577
20.9004875
20.5506499
20.2137003
43.3167828
42.1029301
40.8908853
39.6854814
31.1636315
30.3386205
35.0635224
34.0000834
32.9513403
31.9192084
30.9051197
29.9102377
28.9354037
27.98128
27.048332
26.1368998
25.2472161
0
60.7610667
62.7995008
64.8049989
66.7656575
68.6698237
70.5063995
72.2651819
73.9371135
75.514551
76.9914979
78.3637298
79.6288481
76.2002463
77.0758606
77.8409603
78.4991791
79.0550457
79.5136616
54.8575035
54.2311646
25.9258271
26.1096042
26.372983
26.7612272
27.3216985
28.082306
29.0214389
30.0430394
30.9764139
31.6154341
31.7889979
31.4305279
30.6069996
29.4899086
28.2859059
27.1661802
26.227466
25.4921206
24.9331629
24.5042171
21.2654327
20.946043
20.6371785
44.4326688
43.1996989
41.9669796
40.7395945
32.2972385
31.4402223
36.256629
35.1523959
34.0635747
32.9919912
31.9390774
30.9059431
29.8934475
28.9021813
27.9326457
26.9851808
26.0600372
0
60.9364151
62.9821345
64.9961888
66.9669967
68.8831917
70.7340159
72.5095706
74.2010132
75.8009868
77.3036381
78.7048322
80.0021884
76.4769982
77.3823981
78.1794493
78.871338
79.4620738
79.9561496
54.6706812
54.0378088
26.2936959
26.6215474
27.11874
27.8889793
29.0434813
30.6544538
32.6870316
34.9390783
37.0361647
38.5171471
38.9951448
38.318759
36.6397585
34.3453696
31.8972019
29.6702165
27.8672255
26.5238819
25.5689472
24.8922816
21.6476514
21.3608397
21.0821009
45.5289185
44.2806083
43.0307945
41.7848471
33.4322417
32.5456726
37.4537989
36.3108302
35.1836851
34.0741894
32.9837214
31.913373
30.8639497
29.8360959
28.8302949
27.8469047
26.8862475
0
61.0911069
63.1446486
65.1677245
67.148986
69.0773172
70.9422287
72.7340187
74.4441131
76.065334
77.5919355
79.0198901
80.3467634
70.0509161
70.6526067
71.1295164
71.4836321
71.7176388
71.8346153
45.5389783
44.4455926
26.7208182
27.2614492
28.139575
29.5685122
31.7842201
34.9513015
39.0198882
43.5929279
47.9061828
51.0020002
52.0695403
50.7898863
47.4822597
42.9577939
38.1745827
33.8973648
30.5238789
28.1048216
26.4765553
25.4043808
35.6153436
36.5044545
37.3330455
63.3845623
63.0476306
62.6211452
62.1050166
61.4991732
60.803794
72.2929269
70.8620188
69.3741708
67.8311013
66.2354774
64.5910402
62.9025511
61.1756307
59.4166156
57.6324689
55.8305117
0
61.2280598
63.2901577
65.3228638
67.3150085
69.2556907
71.1345463
72.9420883
74.6698858
76.3108683
77.859451
79.3116064
80.664918
70.3753715
71.0079933
71.5179285
71.9069134
72.1774003
72.3320384
45.525249
44.4356044
27.2211813
28.0737716
29.5437391
32.0327527
35.9973122
41.7740258
49.3031536
57.8620592
66.0107128
71.9167938
74.0160442
71.6908663
65.5590879
57.1851942
48.4018946
40.6496787
34.651843
30.4689863
27.7655323
26.0863551
35.3570645
36.2237288
37.0305355
63.5762355
63.1860334
62.7091953
62.1463298
61.4979381
60.7646467
72.2330156
70.7737002
69.2627254
67.7017022
66.0931545
64.4405191
62.7481636
61.0212611
59.2656828
57.487819
55.6944896
0
58.1678221
60.1135879
62.0252184
63.8913829
65.7010192
67.4436558
69.1095909
70.6902862
72.1784385
73.5682482
74.855473
76.0374816
70.6733886
71.3322876
71.8700573
72.2883266
72.5892435
72.775314
45.5203444
44.4319707
27.8002165
29.0832873
31.4002834
35.4431671
42.0162507
51.7386308
64.5569593
79.2453778
93.3442716
103.629793
107.342372
103.388809
92.862439
78.5421988
63.6001429
50.5442052
40.5858535
33.7792925
29.5065467
26.9646886
35.1245793
35.9713925
36.7589925
63.7358856
63.2986423
62.7774122
62.1733588
61.4875203
60.7208991
72.164387
70.6804949
69.1495974
67.5732339
65.9537135
64.2943119
62.598985
60.87253
59.1203885
57.3485033
55.5631931
0
58.2109074
60.1627055
62.0808874
63.9540866
65.7712588
67.5219325
69.1964059
70.7861049
72.2837442
73.6834884
74.9810773
76.1738438
70.9423361
71.6223929
72.1823228
72.6236294
72.948407
73.1589647
45.525249
44.4356044
28.4422729
30.265114
33.6710228
39.7466098
49.7780986
64.788684
84.7392623
107.809606
130.055999
146.360662
152.296733
146.105813
129.54633
107.045203
83.7481682
63.5258018
48.2645283
37.9843913
31.6633575
28.0165814
34.9247616
35.7547488
36.5260777
63.8650878
63.3879812
62.8291432
62.1902564
61.4727528
60.6779749
72.0930018
70.5887753
69.0414635
67.4525163
65.8241891
64.1594533
62.4620142
60.7363468
58.9874989
57.2210374
55.4428693
0
58.2366655
60.1951224
62.1202495
64.0006624
65.8252452
67.5834011
69.2653746
70.8624842
72.3674088
73.7741877
75.0785786
76.2777712
71.17756
71.8733151
72.4493013
72.907058
73.2486258
73.4762601
45.5389783
44.4455926
29.1009772
31.5197004
36.1503727
44.5426408
58.55698
79.6854353
108.021693
140.936969
170.310527
193.635571
204.825955
195.981634
172.274902
140.167594
106.985213
78.3821099
56.9637899
42.6858885
34.0326232
29.1448342
34.7632857
35.5798658
36.3381993
63.9648266
63.455858
62.8669659
62.2002625
61.4574841
60.6402238
72.0236214
70.5036608
68.9437295
67.3452416
65.7103093
64.0417429
62.3430687
60.6184216
58.8725809
57.1108092
55.3387271
0
33.9289667
35.1847949
36.4523834
37.7286713
39.0105798
40.2951912
41.5797131
42.8615321
44.1382496
45.407646
46.6676091
47.916152
43.0865351
44.0252469
44.9318282
45.8027885
46.6340466
47.4207695
19.8712196
19.4364644
29.7005612
32.673011
38.4603561
49.0635788
66.9095961
93.9860547
130.468609
170.510069
211.711645
242.039005
10.548634
240.254643
209.037383
172.207532
129.385215
92.6227869
65.2424132
47.1184468
36.2388753
30.1778447
34.6447161
35.4515049
36.2004051
64.0357643
63.5035436
62.8927598
62.2057757
61.4445782
60.6109931
71.9598974
70.4291073
68.8605482
67.25567
65.6164954
63.9456736
62.2465519
60.5231399
58.7799663
57.022061
55.2548119
0
33.046622
34.2664354
35.4999244
36.7445114
37.9976188
39.2567406
40.5194782
41.7835941
43.0469582
44.3075299
45.5633402
46.8123664
42.1187537
43.0770302
44.0080808
44.9080391
45.7724301
46.5959375
18.9449304
18.5432007
30.1532462
33.5158916
40.1362996
52.3482164
73.000265
104.452259
146.952478
194.0145
242.219789
41.9496001
48.8284777
37.4552597
238.160523
191.932489
145.829156
103.037276
71.2670462
50.3234513
37.8201134
30.9086799
34.5722748
35.3731208
36.1162572
64.0782231
63.5318614
62.90776
62.2084607
61.4360757
60.5925203
71.9044074
70.3678535
68.7949089
67.186934
65.5459157
63.8744316
62.1757395
60.4537237
58.7127876
56.9578179
55.1940593
0
17.5761144
18.407962
19.274112
20.1883342
21.1642554
22.2066166
23.2993378
24.3961749
25.421867
26.2887736
26.9256618
27.3056578
27.4577026
27.4552641
27.3889778
27.3399648
27.3686439
27.527984
27.9058463
28.706585
30.3893431
33.8752259
40.7881691
53.5822781
75.2614832
108.351738
153.075552
205.366043
13.4799292
50.3096509
812.304143
46.5593866
7.01528012
200.529619
151.889296
106.865139
73.4726373
51.489325
38.3887838
31.1656157
34.547895
35.3467541
36.0879752
64.0923462
63.5412589
62.9126825
62.2092304
61.4331043
60.5862195
71.8586192
70.3215641
68.7485121
67.1408236
65.5004318
63.8299501
62.1325468
60.4120883
58.6729243
56.9199236
55.1582593
0
17.7043389
18.6037826
19.5856444
20.6910063
21.9627089
23.4242962
25.0504248
26.7420439
28.3263463
29.5959704
30.3794374
30.6106007
30.3576385
29.7942347
29.1306722
28.5453893
28.1510452
28.0083192
28.1822634
28.838308
30.3865422
33.6838664
40.2618299
52.4436254
73.0724112
104.532482
147.018062
194.01143
242.204916
40.6904635
47.5360236
37.1556418
237.278386
193.132172
145.806432
103.01251
71.240956
50.2965969
37.7929283
30.8815422
34.5722748
35.3731208
36.1162572
64.0782231
63.5318614
62.90776
62.2084607
61.4360757
60.5925203
71.8230161
70.2907761
68.7219664
67.1179653
65.4807239
63.8128735
62.1176182
60.3988602
58.6610208
56.9089867
55.1480026
0
17.8658078
18.8810022
20.0730947
21.540407
23.3891184
25.686941
28.3953177
31.309262
34.0523347
36.1622631
37.2518704
37.1701719
36.0701307
34.3409439
32.4476426
30.7716859
29.5300759
28.7924534
28.5686449
28.9341926
30.1827664
33.010192
38.7071178
49.2484365
67.047856
94.1120829
130.564622
170.526708
211.732714
242.014819
8.59142324
241.708367
211.123492
169.637086
129.338538
92.5722725
65.1893986
47.0640305
36.1839387
30.1230977
34.6447161
35.4515049
36.2004051
64.0357643
63.5035436
62.8927598
62.2057757
61.4445961
60.6109931
71.797079
70.2749167
68.7146811
67.1177684
65.4861655
63.8225932
62.1303451
60.4134666
58.6764864
56.9244344
55.1627343
0
18.074515
19.2806278
20.8344404
22.9435037
25.8385915
29.6799244
34.4140181
39.6410986
44.5950333
48.317141
49.9962978
49.3140351
46.5906727
42.6391863
38.4206792
34.7054274
31.9030451
30.0920186
29.1743142
29.0639714
29.8638121
32.0287884
36.5099032
44.8052233
58.7495208
79.8478028
108.139968
141.018657
170.333289
193.63223
204.832342
193.328217
169.724246
140.102018
106.912144
78.3038098
56.8821931
42.602557
33.9488212
29.0615761
34.7633036
35.5798658
36.3381993
63.9648266
63.455858
62.8669659
62.2002625
61.4574841
60.6402417
71.7792864
70.272357
68.7249199
67.1384071
65.514895
63.8572118
62.1688659
60.454028
58.7174953
56.9645125
55.200736
0
18.3441515
19.8452397
21.9753283
25.130336
29.761614
36.2015084
44.3867875
53.5922007
62.3759172
68.9046446
71.6138988
69.886495
64.341259
56.5444113
48.3312151
41.1467288
35.723542
32.1433432
30.1194747
29.3060323
29.5313215
30.9492383
34.1304921
40.0695317
50.0075097
64.9471256
84.8602633
107.884075
130.091981
146.365108
152.275832
146.064897
129.490128
106.977759
83.6451467
63.4168066
48.1519342
37.8701775
31.5490784
27.9035087
34.9247437
35.7547488
36.5260777
63.8650878
63.3879812
62.8291432
62.1902564
61.4727528
60.6779749
71.7670428
70.2803046
68.7497472
67.1768384
65.5637978
63.9135968
62.2299765
60.5174119
58.7809687
57.0262317
55.2591437
0
18.6792776
20.5979138
23.5627822
28.2602008
35.4894835
45.8655015
59.3316035
74.6655626
89.3938065
100.297573
104.617126
101.259595
91.3192843
77.569518
63.1987909
50.7116103
41.3263845
35.1122534
31.484934
29.7153536
29.2651542
29.9422823
31.9414208
35.8035078
42.2600674
51.8976531
64.6492084
79.2980856
93.3526992
103.602103
107.285758
103.309544
92.7659916
78.4140159
63.4626898
50.4007809
40.4392227
33.6316878
29.3597691
26.8201411
35.1245793
35.9713925
36.7589925
63.7358856
63.2986423
62.7774122
62.1733588
61.4875203
60.7208991
71.7567145
70.2948573
68.785046
67.2288021
65.6284705
63.987309
62.3092914
60.5992507
58.8626285
57.1054034
55.3339478
0
19.0634424
21.5126813
25.5574052
32.2786684
42.9578411
58.6140421
79.2165328
102.919789
125.789643
142.707352
149.245955
143.647299
127.670789
105.744676
83.0014758
63.3446738
48.6507772
38.9499165
33.2416248
30.2872262
29.0947958
29.0963133
30.1405214
32.4017396
36.2283769
41.909485
49.3654842
57.8656852
65.9665339
71.8339108
73.9023553
71.553226
65.403457
57.0166658
48.2247429
40.4675182
34.4676027
30.2850743
27.5838671
25.9083952
35.3570645
36.2237288
37.0305355
63.5762355
63.1860334
62.7091953
62.1463298
61.4979381
60.7646467
71.7435759
70.3108957
68.8254105
67.2886955
65.7032746
64.0726025
62.4010826
60.6939059
58.9569794
57.1967292
55.4200468
0
19.4498426
22.4896581
27.7532013
36.7848208
51.4402893
73.2248847
102.195505
135.737443
168.228928
192.27448
201.446063
193.189526
170.06009
138.486797
105.8661
77.8338513
56.9735896
43.2598469
35.1899068
30.9314108
28.9889514
28.4142087
28.7549462
29.9110974
31.971256
35.0359048
39.0288483
43.5424465
47.8080787
50.8659146
51.9037247
50.6015153
47.2774548
42.7418644
37.9519223
33.671646
30.2980914
27.8813791
26.2573575
25.1908947
35.6153436
36.5044545
37.3330455
63.3845623
63.0476306
62.6211452
62.1050166
61.4991732
60.803794
71.7216663
70.3221369
68.8642714
67.3497345
65.7812291
64.16255
62.4984228
60.7945576
59.0573447
57.2937651
55.5112294
0
19.7624288
23.3551396
29.7727049
41.0113811
59.493829
87.2217714
124.332883
167.496005
208.19101
239.176542
13.2151444
241.364965
211.200199
170.162823
127.892476
91.6898077
64.8548534
47.2782295
36.9554958
31.4754737
28.8659731
27.8391589
27.7020746
28.1638844
29.1518702
30.6588086
32.6175455
34.813171
36.8660547
38.3125639
38.764364
38.0688853
36.3768567
34.0746173
31.6228779
29.3958879
27.5957443
26.2575401
25.3095022
24.6410627
35.8914332
36.8051387
37.6575725
63.1585927
62.8801582
62.5090017
62.0442819
61.4853365
60.8317717
71.6839868
70.3210808
68.8938064
67.4038641
65.8542074
64.2488996
62.5931675
60.8931866
59.1559379
57.3889752
55.6003177
0
19.9125925
23.900635
31.1523981
43.9984594
65.277029
97.3850292
140.508522
190.795803
234.132875
31.1915886
213.175072
48.3902961
241.452158
193.37723
143.949697
101.703425
70.4629285
50.0479179
38.0765275
31.7082095
28.6225998
27.291102
26.8598578
26.9218448
27.3146236
27.975954
28.8478613
29.8199799
30.7159161
31.3268737
31.4802574
31.1082743
30.2769297
29.1568074
27.9537279
26.8381294
25.90612
25.1794713
24.6307035
24.2130377
36.1764728
37.1162944
37.9940746
62.8953911
62.6795171
62.3676096
61.9580576
61.449447
60.8408828
71.6223213
70.2990817
68.9049939
67.4418479
65.912812
64.3223254
62.6760624
60.9807534
59.2439522
57.4739107
55.6792388
0
19.8280208
23.95349
31.503928
44.9337108
67.2381592
100.954008
146.294679
195.245953
0
32.8560338
804.361496
50.7210153
7.99065953
201.701561
149.612091
105.103828
72.2348175
50.7591827
38.1658387
31.4537009
10.4502402
10.9998561
11.5781908
39.5145185
38.998193
38.5144097
38.0720291
37.6782649
37.3387377
37.0574034
36.8366248
36.6771716
36.5783099
36.5378022
36.5520148
36.6159357
36.723282
36.8665178
47.1065708
47.4910449
47.8715631
48.2358281
48.5712383
72.2945558
71.6386282
70.9125326
70.1121699
69.2339422
68.2748244
71.5274871
70.2464378
68.8877741
67.4534113
65.9466967
64.3724812
62.7369045
61.0472519
59.3117395
57.5392636
55.7391322
0
19.4805816
23.4462834
30.6750778
43.4974946
64.752478
96.8354488
139.933058
186.335723
237.02527
19.5515197
34.0456867
34.1811093
240.693319
192.580424
143.123354
100.836836
69.5548145
49.0948024
37.0725769
30.6424574
10.6221464
11.1871832
11.7823188
39.6926951
39.1992816
38.7400213
38.3237926
37.9579166
37.6480497
37.3981657
37.210699
37.0864014
37.0244853
37.0226416
37.0771113
37.1826855
37.3328128
37.5196709
47.3128325
47.7255349
48.1344246
48.5267568
48.8894645
71.9368601
71.348684
70.6869568
69.9467381
69.1236424
68.214036
71.3893707
70.1525344
68.8312101
67.4273668
65.9446024
64.3881437
62.7646316
61.0819242
59.348882
57.5750994
55.7705288
0
18.8978782
22.4459093
28.8175284
40.009011
58.4428595
86.1218272
123.181328
166.284224
201.513581
234.132673
1.46169869
237.427459
209.688457
168.586409
126.242849
89.9606641
63.0431175
45.3763195
34.9501786
29.3409176
10.7799922
11.3593454
11.9700987
39.7654586
39.2997185
38.8694025
38.4834785
38.1492676
37.872462
37.6570892
37.5055836
37.4187149
37.3956597
37.4340731
37.5300529
37.6782649
37.871925
38.1029245
47.4739146
47.916331
48.3549347
48.7765692
49.1676484
71.5126301
70.9939597
70.398373
69.7200704
68.9538609
68.095538
71.1971605
70.0060945
68.723649
67.3518825
65.8946614
64.3575526
62.7476624
61.0734933
59.3445144
57.5710003
55.7636194
0
18.1516943
21.1244742
26.3191594
35.2800604
49.8628647
71.5744924
100.468139
133.930538
165.581531
189.512245
197.036227
188.687225
167.7969
136.128488
103.399583
75.250108
54.2671164
40.4178489
32.1884553
27.7218888
34.3519437
35.6110655
36.859859
65.0262071
65.1072225
65.1593115
65.1848727
65.185535
65.1624082
65.1161009
65.0469353
64.9549651
64.8401008
64.702056
64.5403116
64.3539726
64.141786
63.9018902
72.3008387
72.1497985
71.951914
71.7013856
71.3918051
71.0162631
70.5676175
70.0387799
69.4230915
68.7146274
67.9085904
70.9397048
69.7954115
68.5530799
67.2148043
65.784648
64.2685717
62.674165
61.0104495
59.2875745
57.5164411
55.70838
0
17.3301
19.6899143
23.6428955
30.2700529
40.852692
56.4097536
76.9125397
100.510692
123.271902
140.076929
144.29524
140.777235
124.67269
102.612309
79.7245944
59.9179866
45.0626871
35.1807736
29.2522983
25.9947025
33.5820826
34.8105238
36.0317871
63.874539
63.957058
64.0153583
64.0523755
64.0702576
64.0704903
64.0540402
64.0214264
63.97281
63.9079941
63.8264954
63.7273831
63.609261
63.4701959
63.3075386
71.3666556
71.2860519
71.160376
70.9828259
70.745991
70.4419595
70.0626406
69.6000509
69.0466724
68.3959358
67.6424353
70.6057266
69.5088325
68.3075277
67.0039781
65.6024439
64.1092259
62.5323612
60.8814263
59.1671075
57.4009861
55.5950193
0
16.5086318
18.3154114
21.1656925
25.745773
32.8548979
43.107792
56.4475112
71.6545817
86.248961
97.0142353
101.190096
97.6830151
87.5865959
73.6694158
59.1267274
46.4571223
36.873963
30.4335884
26.5204143
24.3340608
32.7902403
33.9874102
35.1804094
62.6211452
62.7091953
62.7774122
62.8291432
62.8669659
62.8927598
62.90776
62.9126825
62.90776
62.8927598
62.8669659
62.8291432
62.7774122
62.7091953
62.6211452
70.3593868
70.347179
70.2915458
70.1847902
70.0185708
69.7840271
69.4722091
69.0742921
68.5820063
67.9881022
67.286637
70.1843606
69.1350268
67.9754111
66.7076794
65.3363425
63.8679339
62.3109561
60.675451
58.9726598
57.2147187
55.4141398
0
15.7335846
17.1002984
19.0929563
22.1075275
26.5953604
32.8886218
40.9238406
49.9754397
58.6010795
64.9668717
67.507634
65.6054492
59.8783471
51.8915633
43.4789613
36.0827015
30.4280794
26.5780436
24.1996849
22.840746
31.9823596
33.1478644
34.3120625
61.2780903
61.3753052
61.4566428
61.5258621
61.5858629
61.638829
61.6862819
61.7290629
61.7675121
61.8013252
61.8296251
61.8508545
61.8627401
61.8621494
61.8451086
69.2794082
69.332428
69.3435439
69.3042355
69.205338
69.0371854
68.7899685
68.4541645
68.0208413
67.482105
66.8315653
69.6655291
68.6635408
67.5459901
66.3150966
64.9754964
63.5340452
61.9995319
60.3824638
58.6945833
56.9484562
55.1571316
0
15.020924
16.0700198
17.463555
19.4092175
22.1378353
25.8095474
30.370682
35.421131
40.1943011
43.730846
45.2189472
44.3393175
41.4113209
37.246857
32.8052194
28.852895
25.7897671
23.6690555
22.3300947
21.5413105
31.1636315
32.2972385
33.4322417
59.8575284
59.9669511
60.0640944
60.1529679
60.2367757
60.3179343
60.39818
60.4785152
60.5593158
60.6402417
60.7202368
60.797529
60.8694333
60.9324055
60.9818453
68.1272568
68.2413156
68.3148488
68.33862
68.3027484
68.196852
68.0104414
67.7333673
67.3560532
66.8701398
66.2687893
69.0404074
68.0851918
67.0098672
65.8167248
64.5104544
63.0981802
61.5889775
59.9936937
58.3244113
56.5941794
54.8164588
0
14.3656631
15.2010095
16.20991
17.4909477
19.1504615
21.256222
23.7695483
26.4851767
29.0262531
30.9298609
31.8081423
31.5091849
30.1849733
28.2234556
26.0875268
24.1539562
22.627844
21.5475463
20.8448846
20.4129982
30.3386205
31.4402223
32.5456726
58.3713809
58.4954816
58.6104712
58.7205741
58.8291734
58.9389362
59.0517062
59.1686111
59.2900805
59.4157206
59.5443679
59.6739818
59.8016088
59.9232751
60.0339329
66.9038276
67.0738418
67.2045476
67.2861537
67.3081349
67.2595543
67.1293676
66.9068169
66.5819319
66.1458879
65.591507
31.6821587
13.8532358
29.7397223
65.2048133
63.9334837
62.5527135
61.0717928
59.5018375
57.8552702
56.1453906
54.3859817
0
13.7537549
14.4502645
15.2258945
16.1221513
17.1822022
18.4297712
19.8395589
21.3123244
22.6749484
23.7194994
24.2737776
24.2707388
23.7775233
22.966405
22.0453354
21.1874022
20.4917222
19.9834072
19.6384435
19.4132871
33.8058863
34.9978831
36.1974695
67.8545682
68.0175119
68.1702347
68.3172832
68.4624164
68.6084983
68.757659
68.9111694
69.0694412
69.2320627
69.3976914
69.5639824
69.7275705
69.8839986
70.0275745
70.1515141
70.2477803
70.3072799
70.319971
70.2750778
70.1613233
69.9673768
69.682194
69.2955182
68.798292
31.5634638
42.8100489
163.051511
28.6298013
27.8540647
63.2389637
61.8920782
60.4425541
58.9016684
57.2820585
55.597221
53.8611537
0
4.1393213
4.33553036
4.54329029
4.76336363
4.99657557
5.24379605
5.50595587
5.7840449
6.07911387
6.39227795
6.72471317
7.07766
7.45242693
7.85038152
11.7576472
12.3104511
12.8930138
13.5068012
30.5578776
31.6836086
32.8240892
33.9766702
35.1386308
65.7976613
65.9781291
66.1508462
66.3203592
66.4904629
66.6641287
66.8434867
67.0298973
67.2237364
67.4245565
67.6309256
67.8403556
68.0493202
68.253058
68.445662
68.6199901
68.7677188
68.8793969
68.9446245
68.9522857
68.8907813
68.7484763
68.5140579
68.1770188
67.7281047
12.4781699
43.1926339
798.362507
29.9015936
26.9284378
62.4236366
61.1130165
59.6980394
58.1900718
56.6018048
54.9468424
53.2392719
0
4.13741495
4.33347186
4.54106353
4.76095608
4.99396575
5.24096785
5.5028896
5.7807155
6.07549807
6.38834711
6.72043328
7.07300063
7.4473487
7.84484326
11.6388091
12.1854501
12.7615669
13.368624
29.6662607
30.7511618
31.8515643
32.9652128
34.0897803
63.73116
63.9295457
64.1222571
64.3138229
64.50802
64.7078198
64.9154061
65.1320677
65.3582342
65.5933865
65.8360031
66.0834885
66.3321374
66.5770631
66.8121438
67.0300047
67.2220717
67.3786967
67.4892471
67.5424101
67.5263896
67.4293895
67.2399538
66.9474499
66.5424982
29.3978144
27.5822903
29.1039622
19.5515137
26.0245057
61.4868759
60.2148124
58.8374969
57.3662243
55.8136678
49.9068826
48.4218449
0
4.13170664
4.32730531
4.53439578
4.75374238
4.98615598
5.23250294
5.4937069
5.77075057
6.06467036
6.37657428
6.70762583
7.05905295
7.43214981
7.82826965
11.5113217
12.0509781
12.6197452
13.2190677
28.7846678
29.8295445
30.8905133
31.9656947
33.0531018
61.664068
61.8801747
62.0923255
62.3050133
62.5219076
62.7459619
62.9793242
63.2232654
63.4781435
63.7434215
64.0175242
64.2977129
64.5802286
64.8600056
65.1308326
65.3851737
65.6143474
65.8085982
65.9571861
66.048673
66.0712986
66.0131415
65.8627994
65.6096039
65.2442291
64.7590496
27.5288575
26.7176832
25.9221356
61.5472347
60.4306685
59.1993454
57.8626271
56.4317011
50.4828151
49.0978384
47.6482248
0
27.5516263
28.4131712
29.24323
30.0347501
30.7810011
31.4756822
32.1131907
32.6888368
33.1990047
33.6413674
34.0149583
34.3202428
34.5592436
34.7354154
38.0100056
38.1643931
38.2754805
38.3512512
52.6347889
53.0166317
53.3721257
53.7074285
54.0285366
59.604673
59.8377847
60.0683904
60.3007682
60.5385518
60.7845873
61.0409332
61.3088246
61.5886195
61.8796377
62.1802682
62.4877365
62.7981583
63.10645
63.4062929
63.6901332
63.9492357
64.173827
64.353185
64.475979
64.5304129
64.5047801
64.3876783
64.168636
63.8383989
63.3894848
62.8163984
62.1160788
61.2880069
60.334277
59.259561
48.4924246
47.5652404
46.5350954
53.9218168
48.1935662
46.7839949
0
26.6424316
27.4606048
28.2492072
29.0019022
29.7125501
30.3754766
30.9856876
31.5389766
32.0321753
32.4632252
32.8313566
33.1370886
33.3823544
33.570376
36.7593326
36.9307788
37.0629703
37.163264
50.7996988
51.1834032
51.5430858
51.8845641
52.2134766
57.5605288
57.8094999
58.0570927
58.3074063
58.5639133
58.8293345
59.1056568
59.3940258
59.69471
60.0069934
60.3292113
60.6585176
60.9910101
61.3215694
61.6438589
61.9503785
62.2324288
62.4803438
62.6835088
62.8307542
62.9104987
62.9111968
62.8217505
62.6318494
62.3324719
61.9162969
61.3779544
60.714473
59.9253157
59.0125052
48.4020296
47.6095071
46.7062552
45.7021726
44.6086258
51.3384888
45.8338987
0
25.7250924
26.5005383
27.2483466
27.9627893
28.6383711
29.2699905
29.8531904
30.3842297
30.8603697
31.2797846
31.6419016
31.9473114
32.1977861
32.3963329
35.5013922
35.6883935
35.8400244
35.9629616
48.9765122
49.3618634
49.7254482
50.0726187
50.4087091
55.5384195
55.8017643
56.06459
56.330763
56.603559
56.8855914
57.1787218
57.4839526
57.8014986
58.1305901
58.4694729
58.8153367
59.1642256
59.5110381
59.8495271
60.1722462
60.4706392
60.7352191
60.9556039
61.1208746
61.2197542
61.2410194
61.1739123
61.0084089
60.7358277
60.3490266
59.8428683
59.214453
58.4632616
57.5912452
47.3903753
46.6217851
45.7455085
44.7710325
43.7093298
42.5723039
48.714492
0
31.6352965
32.6365688
33.6200664
34.5803656
35.5121501
36.4104079
37.2705924
38.0887477
38.8615802
39.5866913
40.2625058
40.8884151
41.4647593
41.9928272
45.3328956
45.846375
46.3214589
46.7623538
47.1736242
47.5601389
47.9269457
48.2790387
48.6213225
53.5444132
53.8203596
54.0963776
54.3761188
54.6626441
54.95837
55.2650149
55.5835275
55.9139615
56.2555114
56.6063872
56.9637249
57.3236402
57.6810853
58.0298847
58.3627531
58.6713849
58.94649
59.1780086
59.3553797
59.467738
59.504254
59.4545815
59.3091082
59.0595106
58.6989509
58.2225066
57.6274211
56.9131753
56.0816129
46.2815598
45.5390499
44.6923441
43.7505535
42.7241496
41.6245347
40.4636302
0
30.4952455
31.4412247
32.3705211
33.2781764
34.1594292
35.0098045
35.8252211
36.6021169
37.3376279
38.0295882
38.6766374
39.2782564
39.8348032
40.3474592
43.5832601
44.0854267
44.5527241
44.9889471
45.3982843
45.7852107
46.1543266
46.5102681
46.857546
51.5838262
51.8703873
52.1574317
52.4483067
52.7458763
53.0523601
53.3693154
53.6975298
54.0370033
54.3868767
54.7452705
55.1093923
55.4753399
55.8382087
56.1919664
56.5295067
56.8427746
57.1228559
57.3600488
57.5442219
57.6649574
57.7119449
57.6753036
57.5459045
57.3158179
56.9785819
56.5295604
51.2026994
55.2876763
54.4961204
53.5953387
44.3724711
43.5575557
42.6510281
39.5963215
38.5929012
37.5286209
0
29.3697293
30.2625097
31.1396813
31.996787
32.8295308
33.633921
34.4063239
35.1435891
35.8431569
36.503112
37.1222909
37.7002819
38.2373893
38.7347408
41.8692098
42.3599204
42.8190375
43.2499979
43.6566501
44.0430395
44.4133726
44.7718917
45.1227317
49.661223
49.9563403
50.2521199
50.5516585
50.8575695
51.1718935
51.4960088
51.8305419
52.1754391
52.5297338
52.8915465
53.2581027
53.6255897
53.9891924
54.3430754
54.6804009
54.9934182
55.2735711
55.5116411
55.6979264
55.8225999
55.8758524
55.848358
55.7315426
55.5178882
55.2013446
50.2364753
49.7007104
49.059246
52.8480853
51.9910512
51.0348332
42.3528857
41.4836438
38.5250602
37.5622908
36.5407199
0
28.263563
29.1054179
29.9327201
30.74146
31.5278249
32.2882527
33.0194856
33.7187491
34.3837878
35.012937
35.6051764
36.1601301
36.6781561
37.1602747
40.1962758
40.675244
41.1256975
41.550733
41.9537873
42.3385836
42.7089167
43.0686351
43.4215157
47.7805416
48.0820671
48.3842907
48.6900227
49.0016617
49.3210156
49.6492658
49.9869672
50.3338871
50.689041
51.0505494
51.4156557
51.7806367
52.1408563
52.4906581
52.8235086
53.1320151
53.408051
53.6428632
53.8273048
53.9520857
54.0080411
53.9863821
53.8790895
53.6791823
49.0536791
48.6469732
48.139723
47.5315526
46.8240193
50.3376103
49.4290958
48.4326744
40.2601609
37.3980762
36.4779267
35.5012132
0
0
0
0
0
0
0
0
0
0
0
0
0
0
0
0
0
0
0
0
0
0
0
0
0
0
0
0
0
0
0
0
0
0
0
0
0
0
0
0
0
0
0
0
0
0
0
0
0
0
0
0
0
0
0
0
0
0
0
0
0
0
